#hist
BinCentre(pA)	BinMin(pA)	BinMax(pA)	Counts
1.66701844658e-11	1.65692125946e-11	1.6771156337e-11	3
1.68721282082e-11	1.6771156337e-11	1.69731000794e-11	1
1.70740719506e-11	1.69731000794e-11	1.71750438218e-11	2
1.7276015693e-11	1.71750438218e-11	1.73769875642e-11	2
1.74779594354e-11	1.73769875642e-11	1.75789313066e-11	2
1.76799031779e-11	1.75789313066e-11	1.77808750491e-11	4
1.78818469203e-11	1.77808750491e-11	1.79828187915e-11	1
1.80837906627e-11	1.79828187915e-11	1.81847625339e-11	4
1.82857344051e-11	1.81847625339e-11	1.83867062763e-11	3
1.84876781475e-11	1.83867062763e-11	1.85886500187e-11	10
1.86896218899e-11	1.85886500187e-11	1.87905937611e-11	10
1.88915656323e-11	1.87905937611e-11	1.89925375035e-11	10
1.90935093747e-11	1.89925375035e-11	1.91944812459e-11	10
1.92954531171e-11	1.91944812459e-11	1.93964249883e-11	20
1.94973968595e-11	1.93964249883e-11	1.95983687308e-11	10
1.9699340602e-11	1.95983687308e-11	1.98003124732e-11	15
1.99012843444e-11	1.98003124732e-11	2.00022562156e-11	15
2.01032280868e-11	2.00022562156e-11	2.0204199958e-11	30
2.03051718292e-11	2.0204199958e-11	2.04061437004e-11	28
2.05071155716e-11	2.04061437004e-11	2.06080874428e-11	31
2.0709059314e-11	2.06080874428e-11	2.08100311852e-11	21
2.09110030564e-11	2.08100311852e-11	2.10119749276e-11	37
2.11129467988e-11	2.10119749276e-11	2.121391867e-11	47
2.13148905412e-11	2.121391867e-11	2.14158624124e-11	34
2.15168342836e-11	2.14158624124e-11	2.16178061548e-11	34
2.17187780261e-11	2.16178061548e-11	2.18197498973e-11	31
2.19207217685e-11	2.18197498973e-11	2.20216936397e-11	34
2.21226655109e-11	2.20216936397e-11	2.22236373821e-11	54
2.23246092533e-11	2.22236373821e-11	2.24255811245e-11	59
2.25265529957e-11	2.24255811245e-11	2.26275248669e-11	54
2.27284967381e-11	2.26275248669e-11	2.28294686093e-11	83
2.29304404805e-11	2.28294686093e-11	2.30314123517e-11	91
2.31323842229e-11	2.30314123517e-11	2.32333560941e-11	84
2.33343279653e-11	2.32333560941e-11	2.34352998365e-11	110
2.35362717077e-11	2.34352998365e-11	2.36372435789e-11	157
2.37382154502e-11	2.36372435789e-11	2.38391873214e-11	179
2.39401591926e-11	2.38391873214e-11	2.40411310638e-11	221
2.4142102935e-11	2.40411310638e-11	2.42430748062e-11	257
2.43440466774e-11	2.42430748062e-11	2.44450185486e-11	340
2.45459904198e-11	2.44450185486e-11	2.4646962291e-11	319
2.47479341622e-11	2.4646962291e-11	2.48489060334e-11	427
2.49498779046e-11	2.48489060334e-11	2.50508497758e-11	457
2.5151821647e-11	2.50508497758e-11	2.52527935182e-11	495
2.53537653894e-11	2.52527935182e-11	2.54547372606e-11	558
2.55557091318e-11	2.54547372606e-11	2.5656681003e-11	609
2.57576528743e-11	2.5656681003e-11	2.58586247455e-11	688
2.59595966167e-11	2.58586247455e-11	2.60605684879e-11	738
2.61615403591e-11	2.60605684879e-11	2.62625122303e-11	804
2.63634841015e-11	2.62625122303e-11	2.64644559727e-11	809
2.65654278439e-11	2.64644559727e-11	2.66663997151e-11	881
2.67673715863e-11	2.66663997151e-11	2.68683434575e-11	829
2.69693153287e-11	2.68683434575e-11	2.70702871999e-11	818
2.71712590711e-11	2.70702871999e-11	2.72722309423e-11	883
2.73732028135e-11	2.72722309423e-11	2.74741746847e-11	829
2.75751465559e-11	2.74741746847e-11	2.76761184271e-11	785
2.77770902984e-11	2.76761184271e-11	2.78780621696e-11	787
2.79790340408e-11	2.78780621696e-11	2.8080005912e-11	756
2.81809777832e-11	2.8080005912e-11	2.82819496544e-11	697
2.83829215256e-11	2.82819496544e-11	2.84838933968e-11	660
2.8584865268e-11	2.84838933968e-11	2.86858371392e-11	548
2.87868090104e-11	2.86858371392e-11	2.88877808816e-11	530
2.89887527528e-11	2.88877808816e-11	2.9089724624e-11	456
2.91906964952e-11	2.9089724624e-11	2.92916683664e-11	432
2.93926402376e-11	2.92916683664e-11	2.94936121088e-11	380
2.959458398e-11	2.94936121088e-11	2.96955558513e-11	316
2.97965277225e-11	2.96955558513e-11	2.98974995937e-11	260
2.99984714649e-11	2.98974995937e-11	3.00994433361e-11	206
3.02004152073e-11	3.00994433361e-11	3.03013870785e-11	185
3.04023589497e-11	3.03013870785e-11	3.05033308209e-11	150
3.06043026921e-11	3.05033308209e-11	3.07052745633e-11	132
3.08062464345e-11	3.07052745633e-11	3.09072183057e-11	100
3.10081901769e-11	3.09072183057e-11	3.11091620481e-11	79
3.12101339193e-11	3.11091620481e-11	3.13111057905e-11	57
3.14120776617e-11	3.13111057905e-11	3.15130495329e-11	59
3.16140214041e-11	3.15130495329e-11	3.17149932754e-11	45
3.18159651466e-11	3.17149932754e-11	3.19169370178e-11	19
3.2017908889e-11	3.19169370178e-11	3.21188807602e-11	17
3.22198526314e-11	3.21188807602e-11	3.23208245026e-11	18
3.24217963738e-11	3.23208245026e-11	3.2522768245e-11	10
3.26237401162e-11	3.2522768245e-11	3.27247119874e-11	10
3.28256838586e-11	3.27247119874e-11	3.29266557298e-11	10
3.3027627601e-11	3.29266557298e-11	3.31285994722e-11	3
3.32295713434e-11	3.31285994722e-11	3.33305432146e-11	4
3.34315150858e-11	3.33305432146e-11	3.3532486957e-11	1
3.36334588282e-11	3.3532486957e-11	3.37344306995e-11	1
3.38354025707e-11	3.37344306995e-11	3.39363744419e-11	1
3.40373463131e-11	3.39363744419e-11	3.41383181843e-11	0
3.42392900555e-11	3.41383181843e-11	3.43402619267e-11	1
3.44412337979e-11	3.43402619267e-11	3.45422056691e-11	1
3.46431775403e-11	3.45422056691e-11	3.47441494115e-11	1
#corr_range_0
#corr_range_1
