#hist
BinCentre(pA)	BinMin(pA)	BinMax(pA)	Counts
1.09861122605e-11	1.08229970745e-11	1.11492274465e-11	5
1.13123426325e-11	1.11492274465e-11	1.14754578185e-11	8
1.16385730046e-11	1.14754578185e-11	1.18016881906e-11	18
1.19648033766e-11	1.18016881906e-11	1.21279185626e-11	48
1.22910337486e-11	1.21279185626e-11	1.24541489346e-11	61
1.26172641206e-11	1.24541489346e-11	1.27803793066e-11	119
1.29434944927e-11	1.27803793066e-11	1.31066096787e-11	212
1.32697248647e-11	1.31066096787e-11	1.34328400507e-11	301
1.35959552367e-11	1.34328400507e-11	1.37590704227e-11	450
1.39221856087e-11	1.37590704227e-11	1.40853007947e-11	532
1.42484159808e-11	1.40853007947e-11	1.44115311668e-11	694
1.45746463528e-11	1.44115311668e-11	1.47377615388e-11	765
1.49008767248e-11	1.47377615388e-11	1.50639919108e-11	809
1.52271070968e-11	1.50639919108e-11	1.53902222828e-11	837
1.55533374689e-11	1.53902222828e-11	1.57164526549e-11	775
1.58795678409e-11	1.57164526549e-11	1.60426830269e-11	695
1.62057982129e-11	1.60426830269e-11	1.63689133989e-11	583
1.65320285849e-11	1.63689133989e-11	1.66951437709e-11	459
1.6858258957e-11	1.66951437709e-11	1.7021374143e-11	349
1.7184489329e-11	1.7021374143e-11	1.7347604515e-11	273
1.7510719701e-11	1.7347604515e-11	1.7673834887e-11	179
1.7836950073e-11	1.7673834887e-11	1.8000065259e-11	157
1.81631804451e-11	1.8000065259e-11	1.83262956311e-11	156
1.84894108171e-11	1.83262956311e-11	1.86525260031e-11	190
1.88156411891e-11	1.86525260031e-11	1.89787563751e-11	190
1.91418715611e-11	1.89787563751e-11	1.93049867471e-11	238
1.94681019331e-11	1.93049867471e-11	1.96312171192e-11	330
1.97943323052e-11	1.96312171192e-11	1.99574474912e-11	391
2.01205626772e-11	1.99574474912e-11	2.02836778632e-11	428
2.04467930492e-11	2.02836778632e-11	2.06099082352e-11	522
2.07730234212e-11	2.06099082352e-11	2.09361386073e-11	505
2.10992537933e-11	2.09361386073e-11	2.12623689793e-11	530
2.14254841653e-11	2.12623689793e-11	2.15885993513e-11	496
2.17517145373e-11	2.15885993513e-11	2.19148297233e-11	472
2.20779449093e-11	2.19148297233e-11	2.22410600954e-11	398
2.24041752814e-11	2.22410600954e-11	2.25672904674e-11	361
2.27304056534e-11	2.25672904674e-11	2.28935208394e-11	267
2.30566360254e-11	2.28935208394e-11	2.32197512114e-11	226
2.33828663974e-11	2.32197512114e-11	2.35459815835e-11	159
2.37090967695e-11	2.35459815835e-11	2.38722119555e-11	121
2.40353271415e-11	2.38722119555e-11	2.41984423275e-11	70
2.43615575135e-11	2.41984423275e-11	2.45246726995e-11	60
2.46877878855e-11	2.45246726995e-11	2.48509030716e-11	30
2.50140182576e-11	2.48509030716e-11	2.51771334436e-11	21
2.53402486296e-11	2.51771334436e-11	2.55033638156e-11	9
2.56664790016e-11	2.55033638156e-11	2.58295941876e-11	10
2.59927093736e-11	2.58295941876e-11	2.61558245596e-11	5
2.63189397457e-11	2.61558245596e-11	2.64820549317e-11	2
2.66451701177e-11	2.64820549317e-11	2.68082853037e-11	5
2.69714004897e-11	2.68082853037e-11	2.71345156757e-11	10
2.72976308617e-11	2.71345156757e-11	2.74607460477e-11	7
2.76238612338e-11	2.74607460477e-11	2.77869764198e-11	20
2.79500916058e-11	2.77869764198e-11	2.81132067918e-11	28
2.82763219778e-11	2.81132067918e-11	2.84394371638e-11	38
2.86025523498e-11	2.84394371638e-11	2.87656675358e-11	52
2.89287827219e-11	2.87656675358e-11	2.90918979079e-11	75
2.92550130939e-11	2.90918979079e-11	2.94181282799e-11	74
2.95812434659e-11	2.94181282799e-11	2.97443586519e-11	108
2.99074738379e-11	2.97443586519e-11	3.00705890239e-11	138
3.023370421e-11	3.00705890239e-11	3.0396819396e-11	151
3.0559934582e-11	3.0396819396e-11	3.0723049768e-11	207
3.0886164954e-11	3.0723049768e-11	3.104928014e-11	211
3.1212395326e-11	3.104928014e-11	3.1375510512e-11	244
3.15386256981e-11	3.1375510512e-11	3.17017408841e-11	266
3.18648560701e-11	3.17017408841e-11	3.20279712561e-11	320
3.21910864421e-11	3.20279712561e-11	3.23542016281e-11	328
3.25173168141e-11	3.23542016281e-11	3.26804320001e-11	332
3.28435471862e-11	3.26804320001e-11	3.30066623722e-11	319
3.31697775582e-11	3.30066623722e-11	3.33328927442e-11	342
3.34960079302e-11	3.33328927442e-11	3.36591231162e-11	313
3.38222383022e-11	3.36591231162e-11	3.39853534882e-11	292
3.41484686742e-11	3.39853534882e-11	3.43115838603e-11	279
3.44746990463e-11	3.43115838603e-11	3.46378142323e-11	257
3.48009294183e-11	3.46378142323e-11	3.49640446043e-11	197
3.51271597903e-11	3.49640446043e-11	3.52902749763e-11	184
3.54533901623e-11	3.52902749763e-11	3.56165053484e-11	163
3.57796205344e-11	3.56165053484e-11	3.59427357204e-11	131
3.61058509064e-11	3.59427357204e-11	3.62689660924e-11	96
3.64320812784e-11	3.62689660924e-11	3.65951964644e-11	91
3.67583116504e-11	3.65951964644e-11	3.69214268365e-11	67
3.70845420225e-11	3.69214268365e-11	3.72476572085e-11	38
3.74107723945e-11	3.72476572085e-11	3.75738875805e-11	37
3.77370027665e-11	3.75738875805e-11	3.79001179525e-11	19
3.80632331385e-11	3.79001179525e-11	3.82263483246e-11	13
3.83894635106e-11	3.82263483246e-11	3.85525786966e-11	9
3.87156938826e-11	3.85525786966e-11	3.88788090686e-11	5
3.90419242546e-11	3.88788090686e-11	3.92050394406e-11	4
3.93681546266e-11	3.92050394406e-11	3.95312698127e-11	5
3.96943849987e-11	3.95312698127e-11	3.98575001847e-11	3
4.00206153707e-11	3.98575001847e-11	4.01837305567e-11	5
#corr_range_0
#corr_range_1
#corr_range_2
