#hist
BinCentre(pA)	BinMin(pA)	BinMax(pA)	Counts
1.5271733704e-11	1.51579361061e-11	1.53855313019e-11	1
1.54993288998e-11	1.53855313019e-11	1.56131264977e-11	1
1.57269240956e-11	1.56131264977e-11	1.58407216936e-11	0
1.59545192915e-11	1.58407216936e-11	1.60683168894e-11	2
1.61821144873e-11	1.60683168894e-11	1.62959120852e-11	1
1.64097096831e-11	1.62959120852e-11	1.6523507281e-11	2
1.66373048789e-11	1.6523507281e-11	1.67511024768e-11	3
1.68649000747e-11	1.67511024768e-11	1.69786976727e-11	3
1.70924952706e-11	1.69786976727e-11	1.72062928685e-11	4
1.73200904664e-11	1.72062928685e-11	1.74338880643e-11	8
1.75476856622e-11	1.74338880643e-11	1.76614832601e-11	12
1.7775280858e-11	1.76614832601e-11	1.78890784559e-11	7
1.80028760538e-11	1.78890784559e-11	1.81166736517e-11	12
1.82304712497e-11	1.81166736517e-11	1.83442688476e-11	12
1.84580664455e-11	1.83442688476e-11	1.85718640434e-11	6
1.86856616413e-11	1.85718640434e-11	1.87994592392e-11	20
1.89132568371e-11	1.87994592392e-11	1.9027054435e-11	18
1.91408520329e-11	1.9027054435e-11	1.92546496308e-11	24
1.93684472287e-11	1.92546496308e-11	1.94822448267e-11	24
1.95960424246e-11	1.94822448267e-11	1.97098400225e-11	33
1.98236376204e-11	1.97098400225e-11	1.99374352183e-11	29
2.00512328162e-11	1.99374352183e-11	2.01650304141e-11	45
2.0278828012e-11	2.01650304141e-11	2.03926256099e-11	43
2.05064232078e-11	2.03926256099e-11	2.06202208058e-11	48
2.07340184037e-11	2.06202208058e-11	2.08478160016e-11	50
2.09616135995e-11	2.08478160016e-11	2.10754111974e-11	61
2.11892087953e-11	2.10754111974e-11	2.13030063932e-11	47
2.14168039911e-11	2.13030063932e-11	2.1530601589e-11	59
2.16443991869e-11	2.1530601589e-11	2.17581967848e-11	49
2.18719943828e-11	2.17581967848e-11	2.19857919807e-11	66
2.20995895786e-11	2.19857919807e-11	2.22133871765e-11	41
2.23271847744e-11	2.22133871765e-11	2.24409823723e-11	42
2.25547799702e-11	2.24409823723e-11	2.26685775681e-11	41
2.2782375166e-11	2.26685775681e-11	2.28961727639e-11	37
2.30099703619e-11	2.28961727639e-11	2.31237679598e-11	34
2.32375655577e-11	2.31237679598e-11	2.33513631556e-11	41
2.34651607535e-11	2.33513631556e-11	2.35789583514e-11	47
2.36927559493e-11	2.35789583514e-11	2.38065535472e-11	59
2.39203511451e-11	2.38065535472e-11	2.4034148743e-11	60
2.41479463409e-11	2.4034148743e-11	2.42617439389e-11	78
2.43755415368e-11	2.42617439389e-11	2.44893391347e-11	101
2.46031367326e-11	2.44893391347e-11	2.47169343305e-11	133
2.48307319284e-11	2.47169343305e-11	2.49445295263e-11	156
2.50583271242e-11	2.49445295263e-11	2.51721247221e-11	183
2.528592232e-11	2.51721247221e-11	2.5399719918e-11	257
2.55135175159e-11	2.5399719918e-11	2.56273151138e-11	292
2.57411127117e-11	2.56273151138e-11	2.58549103096e-11	379
2.59687079075e-11	2.58549103096e-11	2.60825055054e-11	453
2.61963031033e-11	2.60825055054e-11	2.63101007012e-11	421
2.64238982991e-11	2.63101007012e-11	2.6537695897e-11	523
2.6651493495e-11	2.6537695897e-11	2.67652910929e-11	674
2.68790886908e-11	2.67652910929e-11	2.69928862887e-11	666
2.71066838866e-11	2.69928862887e-11	2.72204814845e-11	720
2.73342790824e-11	2.72204814845e-11	2.74480766803e-11	769
2.75618742782e-11	2.74480766803e-11	2.76756718761e-11	817
2.7789469474e-11	2.76756718761e-11	2.7903267072e-11	877
2.80170646699e-11	2.7903267072e-11	2.81308622678e-11	846
2.82446598657e-11	2.81308622678e-11	2.83584574636e-11	867
2.84722550615e-11	2.83584574636e-11	2.85860526594e-11	957
2.86998502573e-11	2.85860526594e-11	2.88136478552e-11	899
2.89274454531e-11	2.88136478552e-11	2.90412430511e-11	891
2.9155040649e-11	2.90412430511e-11	2.92688382469e-11	838
2.93826358448e-11	2.92688382469e-11	2.94964334427e-11	800
2.96102310406e-11	2.94964334427e-11	2.97240286385e-11	717
2.98378262364e-11	2.97240286385e-11	2.99516238343e-11	665
3.00654214322e-11	2.99516238343e-11	3.01792190301e-11	625
3.02930166281e-11	3.01792190301e-11	3.0406814226e-11	549
3.05206118239e-11	3.0406814226e-11	3.06344094218e-11	450
3.07482070197e-11	3.06344094218e-11	3.08620046176e-11	441
3.09758022155e-11	3.08620046176e-11	3.10895998134e-11	353
3.12033974113e-11	3.10895998134e-11	3.13171950092e-11	300
3.14309926072e-11	3.13171950092e-11	3.15447902051e-11	251
3.1658587803e-11	3.15447902051e-11	3.17723854009e-11	231
3.18861829988e-11	3.17723854009e-11	3.19999805967e-11	175
3.21137781946e-11	3.19999805967e-11	3.22275757925e-11	124
3.23413733904e-11	3.22275757925e-11	3.24551709883e-11	96
3.25689685862e-11	3.24551709883e-11	3.26827661842e-11	92
3.27965637821e-11	3.26827661842e-11	3.291036138e-11	61
3.30241589779e-11	3.291036138e-11	3.31379565758e-11	47
3.32517541737e-11	3.31379565758e-11	3.33655517716e-11	32
3.34793493695e-11	3.33655517716e-11	3.35931469674e-11	35
3.37069445653e-11	3.35931469674e-11	3.38207421632e-11	16
3.39345397612e-11	3.38207421632e-11	3.40483373591e-11	11
3.4162134957e-11	3.40483373591e-11	3.42759325549e-11	9
3.43897301528e-11	3.42759325549e-11	3.45035277507e-11	11
3.46173253486e-11	3.45035277507e-11	3.47311229465e-11	9
3.48449205444e-11	3.47311229465e-11	3.49587181423e-11	3
3.50725157403e-11	3.49587181423e-11	3.51863133382e-11	1
3.53001109361e-11	3.51863133382e-11	3.5413908534e-11	3
3.55277061319e-11	3.5413908534e-11	3.56415037298e-11	3
#corr_range_0
#corr_range_1
