#hist
BinCentre(pA)	BinMin(pA)	BinMax(pA)	Counts
1.75047165359e-11	1.74095816744e-11	1.75998513974e-11	1
1.76949862588e-11	1.75998513974e-11	1.77901211203e-11	6
1.78852559818e-11	1.77901211203e-11	1.79803908433e-11	3
1.80755257048e-11	1.79803908433e-11	1.81706605662e-11	2
1.82657954277e-11	1.81706605662e-11	1.83609302892e-11	3
1.84560651507e-11	1.83609302892e-11	1.85512000122e-11	1
1.86463348737e-11	1.85512000122e-11	1.87414697351e-11	3
1.88366045966e-11	1.87414697351e-11	1.89317394581e-11	5
1.90268743196e-11	1.89317394581e-11	1.91220091811e-11	7
1.92171440425e-11	1.91220091811e-11	1.9312278904e-11	10
1.94074137655e-11	1.9312278904e-11	1.9502548627e-11	6
1.95976834885e-11	1.9502548627e-11	1.96928183499e-11	7
1.97879532114e-11	1.96928183499e-11	1.98830880729e-11	15
1.99782229344e-11	1.98830880729e-11	2.00733577959e-11	12
2.01684926574e-11	2.00733577959e-11	2.02636275188e-11	13
2.03587623803e-11	2.02636275188e-11	2.04538972418e-11	16
2.05490321033e-11	2.04538972418e-11	2.06441669648e-11	25
2.07393018262e-11	2.06441669648e-11	2.08344366877e-11	18
2.09295715492e-11	2.08344366877e-11	2.10247064107e-11	12
2.11198412722e-11	2.10247064107e-11	2.12149761336e-11	19
2.13101109951e-11	2.12149761336e-11	2.14052458566e-11	19
2.15003807181e-11	2.14052458566e-11	2.15955155796e-11	21
2.16906504411e-11	2.15955155796e-11	2.17857853025e-11	31
2.1880920164e-11	2.17857853025e-11	2.19760550255e-11	33
2.2071189887e-11	2.19760550255e-11	2.21663247485e-11	31
2.22614596099e-11	2.21663247485e-11	2.23565944714e-11	30
2.24517293329e-11	2.23565944714e-11	2.25468641944e-11	32
2.26419990559e-11	2.25468641944e-11	2.27371339173e-11	52
2.28322687788e-11	2.27371339173e-11	2.29274036403e-11	54
2.30225385018e-11	2.29274036403e-11	2.31176733633e-11	67
2.32128082247e-11	2.31176733633e-11	2.33079430862e-11	91
2.34030779477e-11	2.33079430862e-11	2.34982128092e-11	93
2.35933476707e-11	2.34982128092e-11	2.36884825322e-11	149
2.37836173936e-11	2.36884825322e-11	2.38787522551e-11	185
2.39738871166e-11	2.38787522551e-11	2.40690219781e-11	175
2.41641568396e-11	2.40690219781e-11	2.4259291701e-11	213
2.43544265625e-11	2.4259291701e-11	2.4449561424e-11	240
2.45446962855e-11	2.4449561424e-11	2.4639831147e-11	301
2.47349660084e-11	2.4639831147e-11	2.48301008699e-11	358
2.49252357314e-11	2.48301008699e-11	2.50203705929e-11	400
2.51155054544e-11	2.50203705929e-11	2.52106403159e-11	416
2.53057751773e-11	2.52106403159e-11	2.54009100388e-11	504
2.54960449003e-11	2.54009100388e-11	2.55911797618e-11	525
2.56863146233e-11	2.55911797618e-11	2.57814494847e-11	655
2.58765843462e-11	2.57814494847e-11	2.59717192077e-11	651
2.60668540692e-11	2.59717192077e-11	2.61619889307e-11	666
2.62571237921e-11	2.61619889307e-11	2.63522586536e-11	712
2.64473935151e-11	2.63522586536e-11	2.65425283766e-11	728
2.66376632381e-11	2.65425283766e-11	2.67327980995e-11	769
2.6827932961e-11	2.67327980995e-11	2.69230678225e-11	799
2.7018202684e-11	2.69230678225e-11	2.71133375455e-11	809
2.7208472407e-11	2.71133375455e-11	2.73036072684e-11	817
2.73987421299e-11	2.73036072684e-11	2.74938769914e-11	783
2.75890118529e-11	2.74938769914e-11	2.76841467144e-11	774
2.77792815758e-11	2.76841467144e-11	2.78744164373e-11	779
2.79695512988e-11	2.78744164373e-11	2.80646861603e-11	694
2.81598210218e-11	2.80646861603e-11	2.82549558832e-11	738
2.83500907447e-11	2.82549558832e-11	2.84452256062e-11	646
2.85403604677e-11	2.84452256062e-11	2.86354953292e-11	596
2.87306301907e-11	2.86354953292e-11	2.88257650521e-11	583
2.89208999136e-11	2.88257650521e-11	2.90160347751e-11	475
2.91111696366e-11	2.90160347751e-11	2.92063044981e-11	477
2.93014393595e-11	2.92063044981e-11	2.9396574221e-11	399
2.94917090825e-11	2.9396574221e-11	2.9586843944e-11	380
2.96819788055e-11	2.9586843944e-11	2.97771136669e-11	299
2.98722485284e-11	2.97771136669e-11	2.99673833899e-11	288
3.00625182514e-11	2.99673833899e-11	3.01576531129e-11	235
3.02527879744e-11	3.01576531129e-11	3.03479228358e-11	209
3.04430576973e-11	3.03479228358e-11	3.05381925588e-11	164
3.06333274203e-11	3.05381925588e-11	3.07284622818e-11	145
3.08235971432e-11	3.07284622818e-11	3.09187320047e-11	106
3.10138668662e-11	3.09187320047e-11	3.11090017277e-11	99
3.12041365892e-11	3.11090017277e-11	3.12992714506e-11	100
3.13944063121e-11	3.12992714506e-11	3.14895411736e-11	55
3.15846760351e-11	3.14895411736e-11	3.16798108966e-11	40
3.1774945758e-11	3.16798108966e-11	3.18700806195e-11	30
3.1965215481e-11	3.18700806195e-11	3.20603503425e-11	31
3.2155485204e-11	3.20603503425e-11	3.22506200655e-11	20
3.23457549269e-11	3.22506200655e-11	3.24408897884e-11	12
3.25360246499e-11	3.24408897884e-11	3.26311595114e-11	8
3.27262943729e-11	3.26311595114e-11	3.28214292343e-11	4
3.29165640958e-11	3.28214292343e-11	3.30116989573e-11	8
3.31068338188e-11	3.30116989573e-11	3.32019686803e-11	6
3.32971035417e-11	3.32019686803e-11	3.33922384032e-11	3
3.34873732647e-11	3.33922384032e-11	3.35825081262e-11	1
3.36776429877e-11	3.35825081262e-11	3.37727778492e-11	1
3.38679127106e-11	3.37727778492e-11	3.39630475721e-11	0
3.40581824336e-11	3.39630475721e-11	3.41533172951e-11	0
3.42484521566e-11	3.41533172951e-11	3.4343587018e-11	0
3.44387218795e-11	3.4343587018e-11	3.4533856741e-11	1
#corr_range_0
#corr_range_1
