#hist
BinCentre(pA)	BinMin(pA)	BinMax(pA)	Counts
1.0443697257e-11	1.02796538493e-11	1.06077406648e-11	6
1.07717840725e-11	1.06077406648e-11	1.09358274802e-11	5
1.1099870888e-11	1.09358274802e-11	1.12639142957e-11	8
1.14279577035e-11	1.12639142957e-11	1.15920011112e-11	25
1.17560445189e-11	1.15920011112e-11	1.19200879267e-11	41
1.20841313344e-11	1.19200879267e-11	1.22481747421e-11	77
1.24122181499e-11	1.22481747421e-11	1.25762615576e-11	176
1.27403049654e-11	1.25762615576e-11	1.29043483731e-11	253
1.30683917808e-11	1.29043483731e-11	1.32324351886e-11	367
1.33964785963e-11	1.32324351886e-11	1.3560522004e-11	559
1.37245654118e-11	1.3560522004e-11	1.38886088195e-11	715
1.40526522273e-11	1.38886088195e-11	1.4216695635e-11	896
1.43807390427e-11	1.4216695635e-11	1.45447824505e-11	1034
1.47088258582e-11	1.45447824505e-11	1.48728692659e-11	1138
1.50369126737e-11	1.48728692659e-11	1.52009560814e-11	1195
1.53649994892e-11	1.52009560814e-11	1.55290428969e-11	1115
1.56930863046e-11	1.55290428969e-11	1.58571297124e-11	976
1.60211731201e-11	1.58571297124e-11	1.61852165278e-11	773
1.63492599356e-11	1.61852165278e-11	1.65133033433e-11	639
1.66773467511e-11	1.65133033433e-11	1.68413901588e-11	425
1.70054335665e-11	1.68413901588e-11	1.71694769743e-11	290
1.7333520382e-11	1.71694769743e-11	1.74975637897e-11	223
1.76616071975e-11	1.74975637897e-11	1.78256506052e-11	157
1.79896940129e-11	1.78256506052e-11	1.81537374207e-11	135
1.83177808284e-11	1.81537374207e-11	1.84818242362e-11	139
1.86458676439e-11	1.84818242362e-11	1.88099110516e-11	160
1.89739544594e-11	1.88099110516e-11	1.91379978671e-11	204
1.93020412748e-11	1.91379978671e-11	1.94660846826e-11	249
1.96301280903e-11	1.94660846826e-11	1.97941714981e-11	383
1.99582149058e-11	1.97941714981e-11	2.01222583135e-11	424
2.02863017213e-11	2.01222583135e-11	2.0450345129e-11	458
2.06143885367e-11	2.0450345129e-11	2.07784319445e-11	512
2.09424753522e-11	2.07784319445e-11	2.110651876e-11	515
2.12705621677e-11	2.110651876e-11	2.14346055754e-11	510
2.15986489832e-11	2.14346055754e-11	2.17626923909e-11	510
2.19267357986e-11	2.17626923909e-11	2.20907792064e-11	412
2.22548226141e-11	2.20907792064e-11	2.24188660219e-11	355
2.25829094296e-11	2.24188660219e-11	2.27469528373e-11	330
2.29109962451e-11	2.27469528373e-11	2.30750396528e-11	224
2.32390830605e-11	2.30750396528e-11	2.34031264683e-11	190
2.3567169876e-11	2.34031264683e-11	2.37312132838e-11	153
2.38952566915e-11	2.37312132838e-11	2.40593000992e-11	89
2.4223343507e-11	2.40593000992e-11	2.43873869147e-11	58
2.45514303224e-11	2.43873869147e-11	2.47154737302e-11	35
2.48795171379e-11	2.47154737302e-11	2.50435605456e-11	27
2.52076039534e-11	2.50435605456e-11	2.53716473611e-11	19
2.55356907689e-11	2.53716473611e-11	2.56997341766e-11	8
2.58637775843e-11	2.56997341766e-11	2.60278209921e-11	2
2.61918643998e-11	2.60278209921e-11	2.63559078075e-11	3
2.65199512153e-11	2.63559078075e-11	2.6683994623e-11	1
2.68480380308e-11	2.6683994623e-11	2.70120814385e-11	2
2.71761248462e-11	2.70120814385e-11	2.7340168254e-11	7
2.75042116617e-11	2.7340168254e-11	2.76682550694e-11	7
2.78322984772e-11	2.76682550694e-11	2.79963418849e-11	7
2.81603852927e-11	2.79963418849e-11	2.83244287004e-11	12
2.84884721081e-11	2.83244287004e-11	2.86525155159e-11	17
2.88165589236e-11	2.86525155159e-11	2.89806023313e-11	32
2.91446457391e-11	2.89806023313e-11	2.93086891468e-11	29
2.94727325546e-11	2.93086891468e-11	2.96367759623e-11	40
2.980081937e-11	2.96367759623e-11	2.99648627778e-11	45
3.01289061855e-11	2.99648627778e-11	3.02929495932e-11	57
3.0456993001e-11	3.02929495932e-11	3.06210364087e-11	86
3.07850798165e-11	3.06210364087e-11	3.09491232242e-11	87
3.11131666319e-11	3.09491232242e-11	3.12772100397e-11	114
3.14412534474e-11	3.12772100397e-11	3.16052968551e-11	119
3.17693402629e-11	3.16052968551e-11	3.19333836706e-11	137
3.20974270784e-11	3.19333836706e-11	3.22614704861e-11	134
3.24255138938e-11	3.22614704861e-11	3.25895573016e-11	166
3.27536007093e-11	3.25895573016e-11	3.2917644117e-11	193
3.30816875248e-11	3.2917644117e-11	3.32457309325e-11	178
3.34097743402e-11	3.32457309325e-11	3.3573817748e-11	145
3.37378611557e-11	3.3573817748e-11	3.39019045635e-11	159
3.40659479712e-11	3.39019045635e-11	3.42299913789e-11	158
3.43940347867e-11	3.42299913789e-11	3.45580781944e-11	137
3.47221216021e-11	3.45580781944e-11	3.48861650099e-11	143
3.50502084176e-11	3.48861650099e-11	3.52142518254e-11	117
3.53782952331e-11	3.52142518254e-11	3.55423386408e-11	106
3.57063820486e-11	3.55423386408e-11	3.58704254563e-11	89
3.6034468864e-11	3.58704254563e-11	3.61985122718e-11	64
3.63625556795e-11	3.61985122718e-11	3.65265990873e-11	60
3.6690642495e-11	3.65265990873e-11	3.68546859027e-11	44
3.70187293105e-11	3.68546859027e-11	3.71827727182e-11	37
3.73468161259e-11	3.71827727182e-11	3.75108595337e-11	16
3.76749029414e-11	3.75108595337e-11	3.78389463492e-11	20
3.80029897569e-11	3.78389463492e-11	3.81670331646e-11	13
3.83310765724e-11	3.81670331646e-11	3.84951199801e-11	9
3.86591633878e-11	3.84951199801e-11	3.88232067956e-11	4
3.89872502033e-11	3.88232067956e-11	3.91512936111e-11	5
3.93153370188e-11	3.91512936111e-11	3.94793804265e-11	4
3.96434238343e-11	3.94793804265e-11	3.9807467242e-11	2
#corr_range_0
#corr_range_1
#corr_range_2
