#hist
BinCentre(pA)	BinMin(pA)	BinMax(pA)	Counts
1.46988748457e-11	1.45696436524e-11	1.48281060389e-11	1
1.49573372322e-11	1.48281060389e-11	1.50865684254e-11	3
1.52157996187e-11	1.50865684254e-11	1.5345030812e-11	3
1.54742620052e-11	1.5345030812e-11	1.56034931985e-11	7
1.57327243918e-11	1.56034931985e-11	1.5861955585e-11	6
1.59911867783e-11	1.5861955585e-11	1.61204179715e-11	1
1.62496491648e-11	1.61204179715e-11	1.63788803581e-11	2
1.65081115513e-11	1.63788803581e-11	1.66373427446e-11	10
1.67665739378e-11	1.66373427446e-11	1.68958051311e-11	5
1.70250363244e-11	1.68958051311e-11	1.71542675176e-11	11
1.72834987109e-11	1.71542675176e-11	1.74127299042e-11	5
1.75419610974e-11	1.74127299042e-11	1.76711922907e-11	7
1.78004234839e-11	1.76711922907e-11	1.79296546772e-11	9
1.80588858705e-11	1.79296546772e-11	1.81881170637e-11	13
1.8317348257e-11	1.81881170637e-11	1.84465794503e-11	14
1.85758106435e-11	1.84465794503e-11	1.87050418368e-11	16
1.883427303e-11	1.87050418368e-11	1.89635042233e-11	22
1.90927354166e-11	1.89635042233e-11	1.92219666098e-11	27
1.93511978031e-11	1.92219666098e-11	1.94804289963e-11	37
1.96096601896e-11	1.94804289963e-11	1.97388913829e-11	28
1.98681225761e-11	1.97388913829e-11	1.99973537694e-11	41
2.01265849627e-11	1.99973537694e-11	2.02558161559e-11	35
2.03850473492e-11	2.02558161559e-11	2.05142785424e-11	39
2.06435097357e-11	2.05142785424e-11	2.0772740929e-11	46
2.09019721222e-11	2.0772740929e-11	2.10312033155e-11	50
2.11604345087e-11	2.10312033155e-11	2.1289665702e-11	45
2.14188968953e-11	2.1289665702e-11	2.15481280885e-11	42
2.16773592818e-11	2.15481280885e-11	2.18065904751e-11	55
2.19358216683e-11	2.18065904751e-11	2.20650528616e-11	42
2.21942840548e-11	2.20650528616e-11	2.23235152481e-11	36
2.24527464414e-11	2.23235152481e-11	2.25819776346e-11	65
2.27112088279e-11	2.25819776346e-11	2.28404400211e-11	35
2.29696712144e-11	2.28404400211e-11	2.30989024077e-11	35
2.32281336009e-11	2.30989024077e-11	2.33573647942e-11	41
2.34865959875e-11	2.33573647942e-11	2.36158271807e-11	47
2.3745058374e-11	2.36158271807e-11	2.38742895672e-11	50
2.40035207605e-11	2.38742895672e-11	2.41327519538e-11	67
2.4261983147e-11	2.41327519538e-11	2.43912143403e-11	84
2.45204455335e-11	2.43912143403e-11	2.46496767268e-11	137
2.47789079201e-11	2.46496767268e-11	2.49081391133e-11	145
2.50373703066e-11	2.49081391133e-11	2.51666014999e-11	195
2.52958326931e-11	2.51666014999e-11	2.54250638864e-11	247
2.55542950796e-11	2.54250638864e-11	2.56835262729e-11	342
2.58127574662e-11	2.56835262729e-11	2.59419886594e-11	380
2.60712198527e-11	2.59419886594e-11	2.6200451046e-11	445
2.63296822392e-11	2.6200451046e-11	2.64589134325e-11	541
2.65881446257e-11	2.64589134325e-11	2.6717375819e-11	628
2.68466070123e-11	2.6717375819e-11	2.69758382055e-11	742
2.71050693988e-11	2.69758382055e-11	2.7234300592e-11	794
2.73635317853e-11	2.7234300592e-11	2.74927629786e-11	840
2.76219941718e-11	2.74927629786e-11	2.77512253651e-11	927
2.78804565584e-11	2.77512253651e-11	2.80096877516e-11	969
2.81389189449e-11	2.80096877516e-11	2.82681501381e-11	969
2.83973813314e-11	2.82681501381e-11	2.85266125247e-11	987
2.86558437179e-11	2.85266125247e-11	2.87850749112e-11	1031
2.89143061044e-11	2.87850749112e-11	2.90435372977e-11	1029
2.9172768491e-11	2.90435372977e-11	2.93019996842e-11	885
2.94312308775e-11	2.93019996842e-11	2.95604620708e-11	873
2.9689693264e-11	2.95604620708e-11	2.98189244573e-11	819
2.99481556505e-11	2.98189244573e-11	3.00773868438e-11	742
3.02066180371e-11	3.00773868438e-11	3.03358492303e-11	735
3.04650804236e-11	3.03358492303e-11	3.05943116168e-11	612
3.07235428101e-11	3.05943116168e-11	3.08527740034e-11	620
3.09820051966e-11	3.08527740034e-11	3.11112363899e-11	460
3.12404675832e-11	3.11112363899e-11	3.13696987764e-11	382
3.14989299697e-11	3.13696987764e-11	3.16281611629e-11	340
3.17573923562e-11	3.16281611629e-11	3.18866235495e-11	257
3.20158547427e-11	3.18866235495e-11	3.2145085936e-11	206
3.22743171292e-11	3.2145085936e-11	3.24035483225e-11	165
3.25327795158e-11	3.24035483225e-11	3.2662010709e-11	135
3.27912419023e-11	3.2662010709e-11	3.29204730956e-11	95
3.30497042888e-11	3.29204730956e-11	3.31789354821e-11	80
3.33081666753e-11	3.31789354821e-11	3.34373978686e-11	53
3.35666290619e-11	3.34373978686e-11	3.36958602551e-11	28
3.38250914484e-11	3.36958602551e-11	3.39543226417e-11	32
3.40835538349e-11	3.39543226417e-11	3.42127850282e-11	16
3.43420162214e-11	3.42127850282e-11	3.44712474147e-11	14
3.4600478608e-11	3.44712474147e-11	3.47297098012e-11	5
3.48589409945e-11	3.47297098012e-11	3.49881721877e-11	8
3.5117403381e-11	3.49881721877e-11	3.52466345743e-11	0
3.53758657675e-11	3.52466345743e-11	3.55050969608e-11	0
3.56343281541e-11	3.55050969608e-11	3.57635593473e-11	1
3.58927905406e-11	3.57635593473e-11	3.60220217338e-11	4
3.61512529271e-11	3.60220217338e-11	3.62804841204e-11	0
3.64097153136e-11	3.62804841204e-11	3.65389465069e-11	0
3.66681777001e-11	3.65389465069e-11	3.67974088934e-11	0
3.69266400867e-11	3.67974088934e-11	3.70558712799e-11	1
3.71851024732e-11	3.70558712799e-11	3.73143336665e-11	0
3.74435648597e-11	3.73143336665e-11	3.7572796053e-11	0
3.77020272462e-11	3.7572796053e-11	3.78312584395e-11	1
#corr_range_0
#corr_range_1
