#hist
BinCentre(pA)	BinMin(pA)	BinMax(pA)	Counts
8.92162915191e-12	8.74651246195e-12	9.09674584188e-12	1
9.27186253184e-12	9.09674584188e-12	9.4469792218e-12	1
9.62209591177e-12	9.4469792218e-12	9.79721260173e-12	0
9.9723292917e-12	9.79721260173e-12	1.01474459817e-11	1
1.03225626716e-11	1.01474459817e-11	1.04976793616e-11	12
1.06727960515e-11	1.04976793616e-11	1.08479127415e-11	28
1.10230294315e-11	1.08479127415e-11	1.11981461214e-11	57
1.13732628114e-11	1.11981461214e-11	1.15483795014e-11	134
1.17234961913e-11	1.15483795014e-11	1.18986128813e-11	197
1.20737295713e-11	1.18986128813e-11	1.22488462612e-11	400
1.24239629512e-11	1.22488462612e-11	1.25990796411e-11	586
1.27741963311e-11	1.25990796411e-11	1.29493130211e-11	885
1.3124429711e-11	1.29493130211e-11	1.3299546401e-11	1216
1.3474663091e-11	1.3299546401e-11	1.36497797809e-11	1558
1.38248964709e-11	1.36497797809e-11	1.40000131609e-11	1733
1.41751298508e-11	1.40000131609e-11	1.43502465408e-11	1845
1.45253632307e-11	1.43502465408e-11	1.47004799207e-11	1837
1.48755966107e-11	1.47004799207e-11	1.50507133006e-11	1636
1.52258299906e-11	1.50507133006e-11	1.54009466806e-11	1373
1.55760633705e-11	1.54009466806e-11	1.57511800605e-11	1015
1.59262967505e-11	1.57511800605e-11	1.61014134404e-11	690
1.62765301304e-11	1.61014134404e-11	1.64516468203e-11	469
1.66267635103e-11	1.64516468203e-11	1.68018802003e-11	304
1.69769968902e-11	1.68018802003e-11	1.71521135802e-11	177
1.73272302702e-11	1.71521135802e-11	1.75023469601e-11	98
1.76774636501e-11	1.75023469601e-11	1.78525803401e-11	67
1.802769703e-11	1.78525803401e-11	1.820281372e-11	47
1.83779304099e-11	1.820281372e-11	1.85530470999e-11	76
1.87281637899e-11	1.85530470999e-11	1.89032804798e-11	90
1.90783971698e-11	1.89032804798e-11	1.92535138598e-11	138
1.94286305497e-11	1.92535138598e-11	1.96037472397e-11	167
1.97788639297e-11	1.96037472397e-11	1.99539806196e-11	219
2.01290973096e-11	1.99539806196e-11	2.03042139995e-11	249
2.04793306895e-11	2.03042139995e-11	2.06544473795e-11	246
2.08295640694e-11	2.06544473795e-11	2.10046807594e-11	274
2.11797974494e-11	2.10046807594e-11	2.13549141393e-11	273
2.15300308293e-11	2.13549141393e-11	2.17051475193e-11	248
2.18802642092e-11	2.17051475193e-11	2.20553808992e-11	235
2.22304975891e-11	2.20553808992e-11	2.24056142791e-11	222
2.25807309691e-11	2.24056142791e-11	2.2755847659e-11	185
2.2930964349e-11	2.2755847659e-11	2.3106081039e-11	139
2.32811977289e-11	2.3106081039e-11	2.34563144189e-11	80
2.36314311089e-11	2.34563144189e-11	2.38065477988e-11	74
2.39816644888e-11	2.38065477988e-11	2.41567811787e-11	38
2.43318978687e-11	2.41567811787e-11	2.45070145587e-11	25
2.46821312486e-11	2.45070145587e-11	2.48572479386e-11	14
2.50323646286e-11	2.48572479386e-11	2.52074813185e-11	8
2.53825980085e-11	2.52074813185e-11	2.55577146985e-11	9
2.57328313884e-11	2.55577146985e-11	2.59079480784e-11	3
2.60830647683e-11	2.59079480784e-11	2.62581814583e-11	0
2.64332981483e-11	2.62581814583e-11	2.66084148382e-11	0
2.67835315282e-11	2.66084148382e-11	2.69586482182e-11	0
2.71337649081e-11	2.69586482182e-11	2.73088815981e-11	0
2.74839982881e-11	2.73088815981e-11	2.7659114978e-11	0
2.7834231668e-11	2.7659114978e-11	2.80093483579e-11	0
2.81844650479e-11	2.80093483579e-11	2.83595817379e-11	1
2.85346984278e-11	2.83595817379e-11	2.87098151178e-11	2
2.88849318078e-11	2.87098151178e-11	2.90600484977e-11	1
2.92351651877e-11	2.90600484977e-11	2.94102818777e-11	1
2.95853985676e-11	2.94102818777e-11	2.97605152576e-11	6
2.99356319475e-11	2.97605152576e-11	3.01107486375e-11	6
3.02858653275e-11	3.01107486375e-11	3.04609820174e-11	7
3.06360987074e-11	3.04609820174e-11	3.08112153974e-11	8
3.09863320873e-11	3.08112153974e-11	3.11614487773e-11	12
3.13365654673e-11	3.11614487773e-11	3.15116821572e-11	15
3.16867988472e-11	3.15116821572e-11	3.18619155371e-11	19
3.20370322271e-11	3.18619155371e-11	3.22121489171e-11	21
3.2387265607e-11	3.22121489171e-11	3.2562382297e-11	21
3.2737498987e-11	3.2562382297e-11	3.29126156769e-11	20
3.30877323669e-11	3.29126156769e-11	3.32628490569e-11	44
3.34379657468e-11	3.32628490569e-11	3.36130824368e-11	44
3.37881991267e-11	3.36130824368e-11	3.39633158167e-11	44
3.41384325067e-11	3.39633158167e-11	3.43135491966e-11	33
3.44886658866e-11	3.43135491966e-11	3.46637825766e-11	28
3.48388992665e-11	3.46637825766e-11	3.50140159565e-11	33
3.51891326465e-11	3.50140159565e-11	3.53642493364e-11	36
3.55393660264e-11	3.53642493364e-11	3.57144827163e-11	33
3.58895994063e-11	3.57144827163e-11	3.60647160963e-11	27
3.62398327862e-11	3.60647160963e-11	3.64149494762e-11	36
3.65900661662e-11	3.64149494762e-11	3.67651828561e-11	24
3.69402995461e-11	3.67651828561e-11	3.71154162361e-11	26
3.7290532926e-11	3.71154162361e-11	3.7465649616e-11	13
3.76407663059e-11	3.7465649616e-11	3.78158829959e-11	18
3.79909996859e-11	3.78158829959e-11	3.81661163758e-11	10
3.83412330658e-11	3.81661163758e-11	3.85163497558e-11	11
3.86914664457e-11	3.85163497558e-11	3.88665831357e-11	6
3.90416998257e-11	3.88665831357e-11	3.92168165156e-11	8
3.93919332056e-11	3.92168165156e-11	3.95670498955e-11	2
3.97421665855e-11	3.95670498955e-11	3.99172832755e-11	2
4.00923999654e-11	3.99172832755e-11	4.02675166554e-11	2
#corr_range_0
#corr_range_1
#corr_range_2
